[]
[]
[]
[]
[]
[]
[]
[]
[]
[]
[]
[]
[]
[]
[]
[]
[]
[]
[]
[]
[]
[]
[]
[]
[0.99996936, -0.0034613244, 0.0070195026, -0.015392414;
 0.0034705542, 0.99999315, -0.0013031412, 0.0017652879;
 -0.0070149438, 0.0013274628, 0.99997449, -0.00044773414;
 0, 0, 0, 1]
[0.99992502, -0.0062011997, 0.010557567, -0.022755677;
 0.0062090475, 0.99998045, -0.00071075279, 0.002133053;
 -0.010552954, 0.00077625195, 0.99994403, 0.00059268379;
 0, 0, 0, 1]
[0.99984348, -0.010110072, 0.014518496, -0.030515097;
 0.010106619, 0.99994886, 0.00031117175, 0.0030373188;
 -0.014520899, -0.00016439015, 0.99989456, 0.0021525284;
 0, 0, 0, 1]
[0.99969774, -0.015121494, 0.019385887, -0.039546538;
 0.015093126, 0.99988478, 0.0016088305, 0.0033388948;
 -0.019407982, -0.0013157506, 0.99981076, 0.0002063509;
 0, 0, 0, 1]
[0.99953806, -0.020077277, 0.022815257, -0.047346674;
 0.020018781, 0.99979573, 0.0027894315, 0.0031013063;
 -0.022866601, -0.0023314094, 0.99973583, -0.00026368437;
 0, 0, 0, 1]
[0.99932259, -0.025123935, 0.026891379, -0.056205317;
 0.025067979, 0.99968284, 0.0024159504, 0.0040004621;
 -0.026943548, -0.0017402013, 0.99963546, -0.0029767931;
 0, 0, 0, 1]
[0.99912578, -0.029604234, 0.029516688, -0.064404003;
 0.029509036, 0.99955785, 0.0036556954, 0.0039779143;
 -0.029611861, -0.0027814906, 0.99955761, -0.0061882935;
 0, 0, 0, 1]
[0.99887234, -0.032891516, 0.034237631, -0.0752756;
 0.03278961, 0.99945605, 0.0035338812, 0.0046492903;
 -0.034335241, -0.0024072577, 0.99940747, -0.0081464807;
 0, 0, 0, 1]
[0.99872148, -0.035565007, 0.035923537, -0.083174437;
 0.035451293, 0.9993642, 0.0037977148, 0.0058147809;
 -0.036035761, -0.0025193237, 0.99934733, -0.009133189;
 0, 0, 0, 1]
[0.99852443, -0.037316848, 0.039451987, -0.092887729;
 0.037189581, 0.99930042, 0.0039551118, 0.0067715459;
 -0.039571978, -0.0024820727, 0.99921364, -0.0098582413;
 0, 0, 0, 1]
[0.99841541, -0.038207471, 0.041313671, -0.10126475;
 0.038017023, 0.99926257, 0.005385967, 0.007104361;
 -0.041488986, -0.0038068097, 0.99913168, -0.012015896;
 0, 0, 0, 1]
[0.99835843, -0.038330689, 0.042558845, -0.1088726;
 0.038122721, 0.99925685, 0.0056877988, 0.0074933558;
 -0.042745236, -0.0040560029, 0.9990778, -0.013323905;
 0, 0, 0, 1]
[0.99832338, -0.037233062, 0.044317801, -0.11662085;
 0.037000384, 0.9992969, 0.0060592201, 0.0079062497;
 -0.044512242, -0.0044092853, 0.99899912, -0.013887782;
 0, 0, 0, 1]
[0.99834728, -0.035249975, 0.045388926, -0.12406942;
 0.034995109, 0.999367, 0.0063978396, 0.0085495263;
 -0.045585718, -0.0047988752, 0.99894893, -0.013351426;
 0, 0, 0, 1]
[0.99844635, -0.031697366, 0.045827944, -0.13015175;
 0.031448871, 0.99948657, 0.0061334395, 0.0098875323;
 -0.04599883, -0.0046826731, 0.99893051, -0.01451973;
 0, 0, 0, 1]
[0.99851829, -0.026963463, 0.04726759, -0.13700803;
 0.026772913, 0.99963069, 0.0046599223, 0.011722476;
 -0.047375783, -0.0033875264, 0.99887139, -0.016705284;
 0, 0, 0, 1]
[0.99859256, -0.02049464, 0.048917245, -0.14370063;
 0.020430306, 0.99978966, 0.0018148518, 0.014964204;
 -0.048944149, -0.00081290316, 0.99880117, -0.017830631;
 0, 0, 0, 1]
[0.9986887, -0.012649664, 0.0496075, -0.14872137;
 0.01278581, 0.9999153, -0.0024280997, 0.018833794;
 -0.049572583, 0.0030591877, 0.99876583, -0.020449167;
 0, 0, 0, 1]
[0.99885297, -0.0031069266, 0.04778171, -0.15054229;
 0.0035619175, 0.9999491, -0.0094400849, 0.023994528;
 -0.047749948, 0.0095994519, 0.99881321, -0.026518865;
 0, 0, 0, 1]
[0.99882257, 0.0069324183, 0.048015296, -0.15440679;
 -0.0060350159, 0.99980485, -0.018809749, 0.030070337;
 -0.048136324, 0.018497828, 0.99866951, -0.028059339;
 0, 0, 0, 1]
[0.99868357, 0.019372869, 0.047495794, -0.15817751;
 -0.017910412, 0.99935812, -0.0310259, 0.036733221;
 -0.048066366, 0.030134385, 0.99838948, -0.032792754;
 0, 0, 0, 1]
[0.99839818, 0.034340594, 0.044964772, -0.16238177;
 -0.032176632, 0.99832916, -0.047995824, 0.047789089;
 -0.046537846, 0.046472128, 0.99783492, -0.037347972;
 0, 0, 0, 1]
[0.99793893, 0.052068014, 0.037507053, -0.16385776;
 -0.049523458, 0.99660021, -0.065843783, 0.055793952;
 -0.040807895, 0.063850597, 0.99712479, -0.044213071;
 0, 0, 0, 1]
[0.99688309, 0.073563933, 0.028503651, -0.16666831;
 -0.070849478, 0.99370831, -0.0867415, 0.067602128;
 -0.034705363, 0.084451668, 0.99582303, -0.049256247;
 0, 0, 0, 1]
[0.99589056, 0.089136638, 0.016021576, -0.1693311;
 -0.087021038, 0.99083066, -0.10335326, 0.076828092;
 -0.02508723, 0.10153432, 0.99451566, -0.051184427;
 0, 0, 0, 1]
[0.99427599, 0.10676395, 0.0040946808, -0.17246117;
 -0.10549068, 0.9870522, -0.12082889, 0.087688968;
 -0.016941834, 0.1197053, 0.99266493, -0.056179073;
 0, 0, 0, 1]
[0.99268043, 0.12042502, -0.0091330381, -0.1747511;
 -0.12056017, 0.98364639, -0.13380958, 0.098137602;
 -0.0071303411, 0.13393123, 0.99096495, -0.055887416;
 0, 0, 0, 1]
[0.99097818, 0.13197772, -0.023325704, -0.17551069;
 -0.13396232, 0.98065484, -0.14272428, 0.10806724;
 0.0040380391, 0.14456141, 0.98948759, -0.055854961;
 0, 0, 0, 1]
[0.9891246, 0.14273384, -0.035490826, -0.17856252;
 -0.14648917, 0.97764766, -0.1508178, 0.11782204;
 0.013170719, 0.15437661, 0.98792428, -0.054476883;
 0, 0, 0, 1]
[0.98765564, 0.15006661, -0.044904348, -0.18152873;
 -0.15532893, 0.97530341, -0.15702297, 0.12576501;
 0.020231459, 0.16205956, 0.98657358, -0.051356167;
 0, 0, 0, 1]
[0.98648471, 0.15451168, -0.054535028, -0.18425193;
 -0.16145094, 0.97338861, -0.16262889, 0.1331879;
 0.027955715, 0.16923565, 0.98517907, -0.046112485;
 0, 0, 0, 1]
[0.985618, 0.15633151, -0.064168431, -0.18532813;
 -0.16510838, 0.97176421, -0.16856322, 0.14134094;
 0.036004841, 0.17673369, 0.98359996, -0.038961049;
 0, 0, 0, 1]
[0.98555404, 0.15533921, -0.067475334, -0.18827511;
 -0.16485825, 0.9711827, -0.17212172, 0.14631695;
 0.038793627, 0.18075912, 0.98276204, -0.030622689;
 0, 0, 0, 1]
[0.98581225, 0.15376987, -0.06729801, -0.19186634;
 -0.16334902, 0.97112453, -0.17388003, 0.15045883;
 0.038617238, 0.18240613, 0.98246461, -0.022691082;
 0, 0, 0, 1]
[0.98676008, 0.14847809, -0.065259859, -0.19425783;
 -0.15782616, 0.97174418, -0.17551118, 0.1531112;
 0.037356321, 0.18348713, 0.98231208, -0.011599983;
 0, 0, 0, 1]
[0.98819965, 0.14160758, -0.058384653, -0.19717489;
 -0.14982823, 0.97285753, -0.1763512, 0.15384008;
 0.031827282, 0.18301786, 0.98259425, -0.0043310695;
 0, 0, 0, 1]
[0.98992342, 0.13354598, -0.047085583, -0.20112875;
 -0.13984799, 0.97421753, -0.17703879, 0.15420248;
 0.022228781, 0.18183967, 0.98307693, 0.0082448022;
 0, 0, 0, 1]
[0.99209285, 0.12106337, -0.033098146, -0.20495695;
 -0.12504473, 0.97604942, -0.17802066, 0.15334846;
 0.010753648, 0.18075176, 0.98346996, 0.02213219;
 0, 0, 0, 1]
[0.9937973, 0.10939576, -0.019986346, -0.20627084;
 -0.11120648, 0.97774941, -0.177874, 0.15116619;
 8.2976403e-05, 0.17899331, 0.9838503, 0.030930476;
 0, 0, 0, 1]
[0.99542958, 0.09542311, -0.0037913891, -0.20915429;
 -0.09459988, 0.97985321, -0.17589341, 0.14764464;
 -0.013069292, 0.17544818, 0.98440194, 0.043094095;
 0, 0, 0, 1]
[0.99674076, 0.079154879, 0.015566266, -0.21311763;
 -0.075176015, 0.98138833, -0.1767073, 0.14383373;
 -0.029263796, 0.17496116, 0.98414034, 0.053930536;
 0, 0, 0, 1]
[0.99753201, 0.061437711, 0.033988792, -0.21579117;
 -0.05462129, 0.98320264, -0.17415252, 0.13858299;
 -0.044117402, 0.17186621, 0.98413193, 0.065016672;
 0, 0, 0, 1]
[0.99757928, 0.045708109, 0.052406188, -0.21844295;
 -0.036059286, 0.98440528, -0.17218021, 0.13245378;
 -0.05945896, 0.16987367, 0.98367047, 0.077122815;
 0, 0, 0, 1]
[0.99690002, 0.032011777, 0.071871854, -0.2227516;
 -0.019343358, 0.98516905, -0.1704926, 0.1260564;
 -0.076263703, 0.16857384, 0.98273432, 0.087514348;
 0, 0, 0, 1]
[0.99594992, 0.019848816, 0.087691411, -0.22526805;
 -0.0049762791, 0.98600149, -0.16666214, 0.12018138;
 -0.089771904, 0.16555077, 0.98210686, 0.096562862;
 0, 0, 0, 1]
[0.99457461, 0.010753442, 0.10346864, -0.22975723;
 0.0064261951, 0.98639184, -0.16428588, 0.11552452;
 -0.10382726, 0.16405948, 0.98097116, 0.10323963;
 0, 0, 0, 1]
[0.99311107, 0.0025710932, 0.11714843, -0.23483379;
 0.016613564, 0.98657, -0.16249196, 0.11197092;
 -0.1159929, 0.16331883, 0.9797309, 0.1075694;
 0, 0, 0, 1]
[0.99196011, -0.0024759676, 0.12652659, -0.23880222;
 0.022764867, 0.98699015, -0.1591609, 0.10805905;
 -0.12448642, 0.16076162, 0.97911125, 0.11622806;
 0, 0, 0, 1]
[0.99094617, -0.0056774421, 0.1341396, -0.24311954;
 0.027093701, 0.98700678, -0.15837774, 0.10425694;
 -0.13149752, 0.16057815, 0.97822446, 0.11861384;
 0, 0, 0, 1]
[0.99012715, -0.0089738024, 0.1398845, -0.24824613;
 0.031187356, 0.9870376, -0.15742965, 0.10094345;
 -0.13665853, 0.160238, 0.97757262, 0.1194067;
 0, 0, 0, 1]
[0.9895587, -0.011716383, 0.14365363, -0.25374976;
 0.034341838, 0.98715168, -0.15605184, 0.096842527;
 -0.13997957, 0.15935579, 0.97724688, 0.12207769;
 0, 0, 0, 1]
[0.98915321, -0.014864741, 0.14613321, -0.25965205;
 0.037654389, 0.98728281, -0.15444988, 0.093290702;
 -0.14197895, 0.15827715, 0.97713375, 0.12455633;
 0, 0, 0, 1]
[0.98867065, -0.017625172, 0.14906271, -0.26715156;
 0.040756945, 0.98729438, -0.15358612, 0.089233868;
 -0.1444618, 0.15792142, 0.97682732, 0.12655786;
 0, 0, 0, 1]
[0.98805761, -0.021118477, 0.15263076, -0.2764577;
 0.044632223, 0.98732322, -0.15231821, 0.085012652;
 -0.14747916, 0.15731141, 0.97647476, 0.1301868;
 0, 0, 0, 1]
[0.98768997, -0.025652606, 0.15430637, -0.28488839;
 0.048923388, 0.98763192, -0.14896214, 0.079646513;
 -0.14857662, 0.1546776, 0.97672915, 0.13321048;
 0, 0, 0, 1]
[0.98756319, -0.030208187, 0.15429342, -0.29260761;
 0.053424433, 0.98745036, -0.14861888, 0.075801365;
 -0.14786759, 0.15501356, 0.97678345, 0.13276598;
 0, 0, 0, 1]
[0.98713118, -0.035191361, 0.15599222, -0.30305821;
 0.058021709, 0.98782933, -0.14431475, 0.069892548;
 -0.14901505, 0.15150854, 0.97715896, 0.13560465;
 0, 0, 0, 1]
[0.98674607, -0.039752584, 0.15732753, -0.31305501;
 0.062395167, 0.98793972, -0.14171092, 0.064113259;
 -0.14979674, 0.14964917, 0.97732598, 0.13682161;
 0, 0, 0, 1]
[0.98624492, -0.043028165, 0.15959163, -0.3243956;
 0.065767489, 0.98795593, -0.14006327, 0.059241857;
 -0.15164283, 0.14863265, 0.9771964, 0.13977744;
 0, 0, 0, 1]
[0.98583734, -0.046375509, 0.16116466, -0.33504263;
 0.068891883, 0.98816389, -0.13706222, 0.054166812;
 -0.15290077, 0.14622399, 0.97736377, 0.14472964;
 0, 0, 0, 1]
[0.98516899, -0.047918834, 0.16475983, -0.34686312;
 0.07083077, 0.98815542, -0.13613163, 0.050324652;
 -0.15628505, 0.14578274, 0.97689426, 0.14708833;
 0, 0, 0, 1]
[0.98446345, -0.047577605, 0.16902089, -0.35979229;
 0.071025774, 0.98822623, -0.13551489, 0.048100676;
 -0.16058339, 0.14541429, 0.97625184, 0.15000115;
 0, 0, 0, 1]
[0.98369229, -0.046808712, 0.17366187, -0.37155095;
 0.070631541, 0.98850924, -0.13364393, 0.044724979;
 -0.16541067, 0.14373051, 0.97569507, 0.15657833;
 0, 0, 0, 1]
[0.98313928, -0.045218974, 0.17717917, -0.38263652;
 0.06976103, 0.98840928, -0.134835, 0.043362781;
 -0.16902843, 0.14492178, 0.97489852, 0.15863071;
 0, 0, 0, 1]
[0.98238832, -0.04233595, 0.18199152, -0.39400595;
 0.067690283, 0.98846948, -0.1354478, 0.041785918;
 -0.17415875, 0.14538139, 0.9739266, 0.16579658;
 0, 0, 0, 1]
[0.98143542, -0.040338125, 0.18750288, -0.40464032;
 0.06649062, 0.9885636, -0.13535498, 0.03825343;
 -0.17989856, 0.14530936, 0.97289348, 0.17073855;
 0, 0, 0, 1]
[0.98048037, -0.037766501, 0.1929559, -0.41490734;
 0.064800568, 0.9886179, -0.13577735, 0.035735417;
 -0.18563183, 0.14563069, 0.97176772, 0.17537987;
 0, 0, 0, 1]
[0.97912836, -0.036207881, 0.19999151, -0.42529118;
 0.064215802, 0.98870945, -0.13538796, 0.032333612;
 -0.1928314, 0.1454048, 0.9703986, 0.18034202;
 0, 0, 0, 1]
[0.97769189, -0.035044421, 0.20710014, -0.43529165;
 0.064077012, 0.98874575, -0.13518849, 0.029265797;
 -0.20003179, 0.14544305, 0.96893424, 0.18265621;
 0, 0, 0, 1]
[0.97607571, -0.034311879, 0.21470647, -0.44486007;
 0.064283036, 0.98886603, -0.1342077, 0.026975943;
 -0.207711, 0.14479886, 0.96741378, 0.19209415;
 0, 0, 0, 1]
[0.97447056, -0.034825373, 0.22179787, -0.45334393;
 0.065671891, 0.98890316, -0.13325828, 0.024309676;
 -0.21469584, 0.14442216, 0.96594405, 0.20093444;
 0, 0, 0, 1]
[0.97256899, -0.035627905, 0.22986999, -0.46070242;
 0.067370735, 0.98899001, -0.13175729, 0.021699762;
 -0.22264488, 0.14362957, 0.96426129, 0.20873006;
 0, 0, 0, 1]
[0.97072715, -0.038004443, 0.23715921, -0.46752796;
 0.07022135, 0.98916644, -0.12891363, 0.018212212;
 -0.22969064, 0.14179359, 0.96287942, 0.21548867;
 0, 0, 0, 1]
[0.96892071, -0.041313268, 0.24389718, -0.47442877;
 0.073995255, 0.98921615, -0.12639666, 0.014966471;
 -0.23604517, 0.14051557, 0.96152902, 0.22185437;
 0, 0, 0, 1]
[0.96689898, -0.045791347, 0.25101697, -0.48159125;
 0.078816533, 0.98925549, -0.12313224, 0.010656852;
 -0.24268153, 0.13884073, 0.96011925, 0.22588897;
 0, 0, 0, 1]
[0.96541703, -0.051345915, 0.25560442, -0.48678085;
 0.084477276, 0.98912776, -0.12037399, 0.0070146201;
 -0.24664471, 0.13780387, 0.95925832, 0.22747284;
 0, 0, 0, 1]
[0.96356928, -0.057479762, 0.26120934, -0.49244443;
 0.090644687, 0.98901719, -0.11674149, 0.0033051868;
 -0.25163025, 0.13616575, 0.95819682, 0.23350945;
 0, 0, 0, 1]
[0.96191341, -0.064127572, 0.26572585, -0.49618584;
 0.097300708, 0.98874956, -0.11360865, -0.00047145953;
 -0.25545087, 0.13513701, 0.95733112, 0.23994949;
 0, 0, 0, 1]
[0.95985472, -0.07122346, 0.2713044, -0.49963942;
 0.1046628, 0.98831236, -0.11083514, -0.0043936693;
 -0.26023942, 0.13478112, 0.95609075, 0.24612932;
 0, 0, 0, 1]
[0.95761764, -0.078678191, 0.27708882, -0.50195092;
 0.11229746, 0.98783076, -0.10760914, -0.0090209553;
 -0.26525036, 0.13416478, 0.95479947, 0.2511217;
 0, 0, 0, 1]
[0.95539671, -0.08567635, 0.28262472, -0.50392616;
 0.11959093, 0.98725653, -0.10498814, -0.013576918;
 -0.27002811, 0.13410467, 0.95346773, 0.25380364;
 0, 0, 0, 1]
[0.95320994, -0.092602931, 0.28777686, -0.50470638;
 0.12666687, 0.98668092, -0.10206024, -0.018457217;
 -0.27449286, 0.13373663, 0.95224375, 0.25829205;
 0, 0, 0, 1]
[0.95063066, -0.098838508, 0.29416361, -0.50551522;
 0.13363615, 0.98591137, -0.10059917, -0.022455871;
 -0.28007618, 0.13494354, 0.95044601, 0.25796637;
 0, 0, 0, 1]
[0.94860303, -0.10529035, 0.29843974, -0.5047282;
 0.14057426, 0.98507965, -0.099282324, -0.025673036;
 -0.28353342, 0.13613246, 0.94925064, 0.25220555;
 0, 0, 0, 1]
[0.94729918, -0.10974148, 0.30096698, -0.50254911;
 0.14523956, 0.98451507, -0.09816087, -0.026291061;
 -0.2855342, 0.13670002, 0.94856912, 0.2492526;
 0, 0, 0, 1]
[0.94585699, -0.11290294, 0.3043147, -0.50138533;
 0.14916629, 0.98388344, -0.098604001, -0.025563447;
 -0.28827751, 0.13865878, 0.94745439, 0.24603425;
 0, 0, 0, 1]
[0.94426066, -0.11526807, 0.3083587, -0.50067788;
 0.15247421, 0.9833023, -0.099339016, -0.02383597;
 -0.29175922, 0.14081867, 0.94606906, 0.2427381;
 0, 0, 0, 1]
[0.94298297, -0.11739473, 0.31145072, -0.49956784;
 0.15515731, 0.98288709, -0.099293202, -0.021659926;
 -0.29446438, 0.14195566, 0.94506049, 0.23579022;
 0, 0, 0, 1]
[0.94176084, -0.11886406, 0.31457564, -0.49878055;
 0.15757076, 0.98237717, -0.1005311, -0.017747231;
 -0.29708239, 0.14424418, 0.94389391, 0.22751564;
 0, 0, 0, 1]
[0.94083804, -0.12017453, 0.31683099, -0.4978247;
 0.15959702, 0.98195338, -0.10147101, -0.014605669;
 -0.29891905, 0.14603306, 0.94303858, 0.2158237;
 0, 0, 0, 1]
[0.93988478, -0.12201604, 0.31894934, -0.49669957;
 0.16230583, 0.98136491, -0.1028581, -0.0094708698;
 -0.30045536, 0.1484421, 0.94217384, 0.20806825;
 0, 0, 0, 1]
[0.93881392, -0.12401992, 0.32132149, -0.49554142;
 0.16499078, 0.98085159, -0.10348052, -0.0066017988;
 -0.30233502, 0.15016404, 0.94129926, 0.19681564;
 0, 0, 0, 1]
[0.93785298, -0.12782073, 0.32263544, -0.49365681;
 0.16935717, 0.98004967, -0.10402285, -0.0019914887;
 -0.30290249, 0.15219876, 0.94078988, 0.18583006;
 0, 0, 0, 1]
[0.93681699, -0.13121194, 0.3242797, -0.49186483;
 0.17318618, 0.97937864, -0.10403857, 0.0030749019;
 -0.30394152, 0.15362588, 0.94022268, 0.17753935;
 0, 0, 0, 1]
[0.93564183, -0.13463631, 0.32626286, -0.48959228;
 0.17712897, 0.97866631, -0.1041039, 0.0082033817;
 -0.30528629, 0.15519457, 0.93952912, 0.16614711;
 0, 0, 0, 1]
[0.93457794, -0.1389899, 0.32748419, -0.48667607;
 0.18113166, 0.97818017, -0.10175913, 0.011826932;
 -0.30619502, 0.15441959, 0.93936104, 0.15415019;
 0, 0, 0, 1]
[0.93370211, -0.14218727, 0.32860789, -0.48320615;
 0.18435425, 0.97767889, -0.10078411, 0.017091729;
 -0.30694279, 0.15468259, 0.93907368, 0.14318284;
 0, 0, 0, 1]
[0.93200964, -0.14479516, 0.33225352, -0.48126334;
 0.1885031, 0.97663987, -0.10315609, 0.024971789;
 -0.30955553, 0.15877329, 0.93753207, 0.13201931;
 0, 0, 0, 1]
[0.93093199, -0.1471391, 0.33423907, -0.47717029;
 0.19127113, 0.97611517, -0.10302716, 0.029960735;
 -0.31109649, 0.15984155, 0.93684024, 0.12172202;
 0, 0, 0, 1]
[0.93024415, -0.14664054, 0.33636642, -0.47143856;
 0.19220935, 0.97558439, -0.10625735, 0.03681206;
 -0.31257221, 0.16349806, 0.9357174, 0.11418099;
 0, 0, 0, 1]
[0.92912787, -0.14524949, 0.34003526, -0.46523559;
 0.19320065, 0.9748016, -0.11151394, 0.042437956;
 -0.31526959, 0.16930574, 0.93377763, 0.10583863;
 0, 0, 0, 1]
[0.92859745, -0.14481331, 0.34166628, -0.45716199;
 0.19640602, 0.97297686, -0.12141125, 0.048117336;
 -0.3148514, 0.17984749, 0.93194604, 0.097354665;
 0, 0, 0, 1]
[0.9266808, -0.13987696, 0.34885111, -0.45242292;
 0.19556697, 0.97207135, -0.12973377, 0.050959416;
 -0.32096142, 0.18844554, 0.92815518, 0.086077832;
 0, 0, 0, 1]
[0.92454779, -0.14014752, 0.35435858, -0.44607395;
 0.2036908, 0.96767157, -0.14873382, 0.056782555;
 -0.32205805, 0.20969112, 0.92320544, 0.080991492;
 0, 0, 0, 1]
[0.92211002, -0.13929105, 0.36098632, -0.44064513;
 0.21023339, 0.96359092, -0.16521052, 0.057326853;
 -0.3248308, 0.22823365, 0.91782045, 0.070627116;
 0, 0, 0, 1]
[0.9201743, -0.13578494, 0.36720797, -0.43557957;
 0.21469475, 0.95933473, -0.18325688, 0.064346723;
 -0.32739183, 0.24746591, 0.91190743, 0.065194324;
 0, 0, 0, 1]
[0.91670084, -0.13647141, 0.37554649, -0.431126;
 0.21985032, 0.95707911, -0.18885291, 0.064231075;
 -0.33365467, 0.25568563, 0.90735847, 0.064477064;
 0, 0, 0, 1]
[0.91343188, -0.13710245, 0.38320374, -0.42514586;
 0.22584942, 0.95403141, -0.19701795, 0.065988936;
 -0.33857676, 0.26650882, 0.90240723, 0.06313578;
 0, 0, 0, 1]
[0.90995473, -0.12997338, 0.39381379, -0.41967735;
 0.22655229, 0.95119071, -0.20954795, 0.072400004;
 -0.34735635, 0.27989858, 0.89498621, 0.057197277;
 0, 0, 0, 1]
[0.90645397, -0.12862816, 0.40223867, -0.41369447;
 0.23027734, 0.94896984, -0.21547301, 0.075150698;
 -0.35399646, 0.28794283, 0.88981766, 0.052405823;
 0, 0, 0, 1]
[0.9013418, -0.12843898, 0.41362593, -0.40934232;
 0.2355205, 0.94682211, -0.21922126, 0.076613225;
 -0.36347362, 0.29501066, 0.88366038, 0.048620928;
 0, 0, 0, 1]
[0.8955552, -0.13166799, 0.4250229, -0.40611309;
 0.24160145, 0.9460296, -0.2160016, 0.075007007;
 -0.37364376, 0.2961275, 0.87903291, 0.044767525;
 0, 0, 0, 1]
[0.88969833, -0.131451, 0.43721566, -0.40365797;
 0.24216554, 0.94770914, -0.20785385, 0.073542833;
 -0.38703069, 0.29080579, 0.87500811, 0.043216214;
 0, 0, 0, 1]
[0.8837052, -0.13242163, 0.44892052, -0.40071324;
 0.24418025, 0.9487074, -0.2008239, 0.072065033;
 -0.39930078, 0.28708667, 0.87071246, 0.039634768;
 0, 0, 0, 1]
[0.88154501, -0.13363338, 0.45279193, -0.394355;
 0.24977919, 0.94588858, -0.20713557, 0.079460919;
 -0.40061051, 0.29569733, 0.86722219, 0.034895465;
 0, 0, 0, 1]
[0.8801412, -0.13067399, 0.45637235, -0.38860339;
 0.25247934, 0.94297451, -0.21691771, 0.089536294;
 -0.40200201, 0.30614281, 0.86294323, 0.02993322;
 0, 0, 0, 1]
[0.87691802, -0.13231532, 0.46206865, -0.38602775;
 0.25590223, 0.94230318, -0.21582104, 0.092638478;
 -0.40685233, 0.30750176, 0.86018246, 0.020353276;
 0, 0, 0, 1]
[0.87544405, -0.13355336, 0.46450108, -0.3826775;
 0.25798896, 0.94182158, -0.2154386, 0.096540451;
 -0.40870458, 0.3084406, 0.85896736, 0.012743887;
 0, 0, 0, 1]
[0.87371302, -0.13754584, 0.46659049, -0.38039041;
 0.26089525, 0.94206423, -0.21082845, 0.097680457;
 -0.41055965, 0.30593482, 0.85897887, 0.0042127627;
 0, 0, 0, 1]
[0.87378979, -0.13909385, 0.46598747, -0.37729216;
 0.26210475, 0.94183522, -0.21035106, 0.10143235;
 -0.40962487, 0.30594012, 0.8594231, -0.0047336975;
 0, 0, 0, 1]
[0.87332231, -0.14243338, 0.46585497, -0.37553975;
 0.26419723, 0.94192916, -0.20729026, 0.10376654;
 -0.40927735, 0.3041088, 0.86023825, -0.012334409;
 0, 0, 0, 1]
[0.87311518, -0.14381984, 0.46581721, -0.37423849;
 0.26533875, 0.94176513, -0.2065763, 0.10751823;
 -0.40898064, 0.30396429, 0.86043042, -0.019745383;
 0, 0, 0, 1]
[0.87326187, -0.1449327, 0.465197, -0.37321746;
 0.26564109, 0.94198477, -0.20518155, 0.11082584;
 -0.40847099, 0.30275267, 0.86109948, -0.029304493;
 0, 0, 0, 1]
[0.87339622, -0.1470264, 0.46428689, -0.37205419;
 0.26696891, 0.94187808, -0.20394436, 0.11338358;
 -0.40731645, 0.3020744, 0.86188418, -0.0392293;
 0, 0, 0, 1]
[0.873097, -0.14798483, 0.46454507, -0.37236911;
 0.26712763, 0.94227612, -0.20188732, 0.11496527;
 -0.40785348, 0.30036002, 0.86222929, -0.050826348;
 0, 0, 0, 1]
[0.87260461, -0.15154885, 0.4643212, -0.37224633;
 0.27011228, 0.94177651, -0.20024088, 0.11723744;
 -0.40694049, 0.30014998, 0.86273372, -0.063602485;
 0, 0, 0, 1]
[0.87267864, -0.15479085, 0.46311101, -0.37205541;
 0.27261394, 0.94130003, -0.19908775, 0.12046251;
 -0.40510944, 0.29999015, 0.86365056, -0.077422075;
 0, 0, 0, 1]
[0.87221307, -0.15809529, 0.46287176, -0.37277424;
 0.27523753, 0.94091904, -0.19727039, 0.12300023;
 -0.40433735, 0.29946148, 0.86419564, -0.089423977;
 0, 0, 0, 1]
[0.87269926, -0.1600174, 0.46129209, -0.37198129;
 0.27714363, 0.94016767, -0.19818215, 0.12683567;
 -0.40197933, 0.30079758, 0.86483145, -0.10161608;
 0, 0, 0, 1]
[0.87136793, -0.16472824, 0.46214995, -0.37293601;
 0.28108823, 0.9396506, -0.19505416, 0.12783457;
 -0.40212855, 0.29986882, 0.86508459, -0.11597791;
 0, 0, 0, 1]
[0.87121272, -0.16737491, 0.46149114, -0.37306762;
 0.28371158, 0.93885434, -0.19509031, 0.13156401;
 -0.40061975, 0.30089554, 0.86542803, -0.12894653;
 0, 0, 0, 1]
[0.87151563, -0.17014872, 0.45990211, -0.3728523;
 0.28632033, 0.9379639, -0.19556178, 0.13608004;
 -0.39809698, 0.30211446, 0.86616719, -0.14063306;
 0, 0, 0, 1]
[0.87206751, -0.17305623, 0.45776603, -0.37319252;
 0.28817636, 0.93760961, -0.19453183, 0.13958919;
 -0.39554089, 0.30156225, 0.86752963, -0.15074992;
 0, 0, 0, 1]
[0.87209153, -0.17652717, 0.45639291, -0.3729035;
 0.29001418, 0.93766904, -0.19149038, 0.14234762;
 -0.39414224, 0.29935756, 0.86892861, -0.16504548;
 0, 0, 0, 1]
[0.87262803, -0.18013112, 0.45395279, -0.37272209;
 0.29157925, 0.93781602, -0.18836839, 0.14419253;
 -0.39179319, 0.29673874, 0.87088704, -0.17625865;
 0, 0, 0, 1]
[0.87303984, -0.18195632, 0.45243052, -0.37289715;
 0.2923032, 0.93789446, -0.18684973, 0.14756685;
 -0.39033359, 0.29537416, 0.87200564, -0.18758924;
 0, 0, 0, 1]
[0.8734647, -0.18440102, 0.45061702, -0.37226537;
 0.29242313, 0.93867379, -0.18270254, 0.14883417;
 -0.38929182, 0.29135504, 0.87382156, -0.19922125;
 0, 0, 0, 1]
[0.87427431, -0.18636076, 0.44823447, -0.3706497;
 0.29224268, 0.93935472, -0.17946276, 0.15042832;
 -0.38760635, 0.28789294, 0.87571627, -0.21154773;
 0, 0, 0, 1]
[0.87558317, -0.1851723, 0.44616738, -0.36789289;
 0.28998634, 0.94016284, -0.17889039, 0.15376854;
 -0.38634443, 0.28601587, 0.87688822, -0.22259754;
 0, 0, 0, 1]
[0.87441146, -0.18868899, 0.44699112, -0.36714172;
 0.29190847, 0.94048023, -0.17402998, 0.15484978;
 -0.38754874, 0.28265429, 0.87744659, -0.22887585;
 0, 0, 0, 1]
[0.87453473, -0.18978202, 0.44628665, -0.36385083;
 0.29089379, 0.94160008, -0.16961734, 0.15613024;
 -0.38803324, 0.27815828, 0.87866843, -0.23963185;
 0, 0, 0, 1]
[0.87434751, -0.18989506, 0.44660527, -0.36031872;
 0.28874877, 0.94321018, -0.164252, 0.15585488;
 -0.39005199, 0.27257004, 0.87952542, -0.24473032;
 0, 0, 0, 1]
[0.8723141, -0.19090377, 0.45013767, -0.35762015;
 0.28852701, 0.94423091, -0.15868241, 0.1553237;
 -0.39474085, 0.26829776, 0.87874681, -0.25019786;
 0, 0, 0, 1]
[0.87021661, -0.19160898, 0.45388219, -0.35415575;
 0.28756168, 0.94560063, -0.15214385, 0.15387689;
 -0.40003914, 0.26291725, 0.87797678, -0.25608549;
 0, 0, 0, 1]
[0.86715478, -0.19285055, 0.45918545, -0.35091972;
 0.28765109, 0.94659323, -0.14566445, 0.15281165;
 -0.40657037, 0.25839883, 0.87631649, -0.25979757;
 0, 0, 0, 1]
[0.86321801, -0.19284375, 0.46654683, -0.34838545;
 0.2874347, 0.9474861, -0.14018321, 0.15215106;
 -0.41501322, 0.25511041, 0.87331706, -0.26248044;
 0, 0, 0, 1]
[0.85810387, -0.19628687, 0.47447786, -0.34608817;
 0.2893768, 0.94819719, -0.13108446, 0.14836873;
 -0.42416844, 0.24978696, 0.87045252, -0.26822466;
 0, 0, 0, 1]
[0.85397309, -0.19855836, 0.48094127, -0.34365514;
 0.29049578, 0.94879478, -0.12409927, 0.14583692;
 -0.43167365, 0.24568886, 0.86792558, -0.27214545;
 0, 0, 0, 1]
[0.85073709, -0.19895551, 0.48648033, -0.34090462;
 0.2903901, 0.94941205, -0.11954211, 0.14422418;
 -0.43808675, 0.24296798, 0.86547476, -0.27591848;
 0, 0, 0, 1]
[0.84695369, -0.20128721, 0.49209034, -0.33867282;
 0.2929076, 0.94908863, -0.11591323, 0.14377195;
 -0.4437055, 0.24231014, 0.86279267, -0.28092366;
 0, 0, 0, 1]
[0.8442775, -0.20022431, 0.49709728, -0.33800122;
 0.29281479, 0.94923037, -0.11498346, 0.14413735;
 -0.44883734, 0.24263538, 0.86004251, -0.28267595;
 0, 0, 0, 1]
[0.842134, -0.20308161, 0.49956802, -0.33510602;
 0.29537579, 0.9487657, -0.11223522, 0.14165446;
 -0.4511801, 0.24207738, 0.85897326, -0.28804532;
 0, 0, 0, 1]
[0.84049422, -0.20407148, 0.50192064, -0.333547;
 0.29767349, 0.94795024, -0.11305221, 0.14056551;
 -0.45272505, 0.24442819, 0.8574934, -0.29057243;
 0, 0, 0, 1]
[0.83919722, -0.20357059, 0.50428867, -0.33223194;
 0.30003598, 0.94670957, -0.11712959, 0.1409843;
 -0.45357078, 0.24959956, 0.85555458, -0.29337502;
 0, 0, 0, 1]
[0.83776122, -0.20608769, 0.50565207, -0.33103994;
 0.30464083, 0.94492787, -0.11960453, 0.13955466;
 -0.45315573, 0.2542423, 0.85440665, -0.29553008;
 0, 0, 0, 1]
[0.83846056, -0.20238696, 0.50598752, -0.32906589;
 0.30490631, 0.94377428, -0.12775873, 0.14099164;
 -0.45168132, 0.26139945, 0.85302657, -0.29378131;
 0, 0, 0, 1]
[0.83609229, -0.20566233, 0.50857908, -0.3292;
 0.31189716, 0.94086248, -0.13228002, 0.13921678;
 -0.45129794, 0.26922268, 0.85079336, -0.29526979;
 0, 0, 0, 1]
[0.83540547, -0.20838198, 0.50860071, -0.32760268;
 0.31710914, 0.93853849, -0.13633524, 0.13686116;
 -0.44893155, 0.27517715, 0.85013998, -0.29465526;
 0, 0, 0, 1]
[0.83403373, -0.21077034, 0.50986624, -0.32780713;
 0.32198638, 0.93639374, -0.13961212, 0.13500029;
 -0.44800943, 0.28061119, 0.84884918, -0.29097518;
 0, 0, 0, 1]
